000090020040000000072050003430007000600000100050034000000070000000625047000300065
620405000004620000000090000000073105570001000000900600042030060050000000900006001
500020900000000040000010000020000500004830070800007000900500700001004002000008430
310600008070300005200070300600040010724500803030780000000410000000020400000000000
508293100000000000900080003000002000719000000400930000075340009800007010300020040
006004200090050000400700000009000080005060407000073060070392000004800000008007000
070000500003201000400060000304700000012006000600009004000090000056000300100370900
000006080583000060609005000000000000320000540800060020008000600040000079007209850
005020360000000805600000000003800710906000000000900000000300598100000007200006000
035160000000004500400700830300605020000008000000000153200000314704000000000500070
000300200085004000000002079920010030000000007007500010700001005001000340800400000
400070000000089030069000400050004000302000090080500020806000709700000046040000000
030890004000402090040000602800001000100000006093070800000004007000020030009087010
801000400004005000000030500007004005000060100143008007000510076000000300690000000
006400900201009000000050070100600305000040012020030700062000007000000049000001630
005000000130000400040007010004069700500004600600000000360075900081300050900401060
040000710100700058000002000000006800002080004003100000000647002000003600030000040
470100000000047006300000000057003000080000002000500008000000000800300260020004871
000300000670005000000004000106500800820003004000200600280000000350107002701400003
800905172000602008400008500087000005004120009020009600001080000500000001000060000
001005002200004890607092000000000000000900040078000060706020054050040170000000900
300900040580470120000300908000000009200000400700000000940020070020030005105800000
020000001003000600000000279000007180007080000000601000300006008600700040178002006
030100400000000050904000006009050003170060090300097601056000000020004000400300000
090005000204006090000007000000000675900502304000008000076080900805400006000000700
300009816007200300600001000000000100090000600200000957823070005060000008000000700
900701000460000500001000000100000000005804600830060007500308001080070000600090000
038947000009000004000000800903000081600020409041030700000001600004070000007096000
000000080030080017080000305300150000000007968000900000014600700000009000009730000
902000800700040000000600040030750900000004350084003200000568000000290000850000000
082000000000601007050090086000200500000070169000009000000420600000005724900800000
000005000608400000007380095000000002065000039003000708500006200000002000730000800
107620400000000006003570000000000000002000000000040100006200079020030600049760050
905800000027600030360005000070000020006000000000206080050400007680090340030000502
040000000800000360700800000000700100500010023000000040208160000300570086000020450
090000401072009000004200030050394000000020005800570003020030000007040000500100000
280030000609402000000085000900006203002000980000050000005000032800020401000000006
291000730700000002004000000400000010060000500032090074005010400000074350000006100
024000500601230004030000001000100006790350200103600900009000000500006072000000600
050090070086107040000400900004000000820700054009080062000850000600000000000000090
691008000000956000000040000000097530000400807700835009587600900003080600000300000
000000000701000000806000405000600053004030900090005804007008096000100000308004510
000076000000431020000200001026300700100709030000060109800024003000600080000000200
087150000030000980100000000016000008009000100000000070000082060320510009050900000
020150640005000000030700009609000050007000004000400970001000200000006005400070100
020031400009200000004500000560000000031006000002000900200003050000705000700624301
062000000010300970400510060000030045000040000050090000105007004900000730000900000
000172069006009300190000000407000000002000010960800000004500700700208000051097000
003000000005030000008069502029306000050100000830054100000000000602000400040091060
007002080000000001398040075004000009000080700000900000205490100710000000800005007
506010800980004350003006000000000000000500700000000640005300071040690500300400008
000005000070900040500060109000010608006408000003007001004070300800000000000803006
000004036000190080000005400800003005000001307050006090000000600403060000009308010
000900007000560000010000009020090386107820000000600000200000801890200703000050000
500001000000000000000000910100003025002400100384000000000130000001900038407802500
000000100004780002207300400000000030000006040015000000072100005350070020400000008
000500480000700005002003000000802106005006002000031070006080007070000020000200810
000014900000000300300290080200070000718000000409000000007080620100040800023600100
804032000203900041000001080400000008050080090160040503026000009000000050000000000
000074039010000000050260014305040000000516040900000000000902000000050000294030000
893000000072300000005700080046900270080000000007000000050603490000042058600000300
000830200005040900070000083042000000500000008306002479920500000000000006703000000
407003000010000600008000000081079405006400830000031090509000300004007000030000080
006070005000002400004160000053040007010000000000000010500000709027300004009400050
520800040071000020400000038000309100000075000050040900000000000000507000090280070
020700490800001000700009306000240000084900070006003001000000000000300000307000109
906000000070010000000004008107060020093000000000970000000089000230700060601000090
000000386500006900703020010000000000090300000230000050050098000001000870000570060
010000002005730040400000000030000400052000010800010007060148020001020570308005000
002000006610580340047006000000045001000100200030000400000010700000000812000200005
050100000001000600200000000003270100070000006000000030560004027800025300040860501
000400100001005300060308700000006000000000870830004050078000206020067030600050010
065100270000009040100208000010007085700000000008000000002040000657000000900005800
000000004060000270450000008000405002000006900000907050007008030340500000000260800
060130085050004102007006040000000500020060000006308027000000050371000000008010000
602010890010000050800005000000020514080006000000040000065000070000004120000800906
028000300000000000040520010010460030803905040000000650002000000004680000050040060
080000030000000000900502000020000601001029070570030890600005900008000007200006508
008100000040208016000030000004617000060000000001005008670000080000004102002500067
500007230600502400000000000010000000000356000000700000800400600203080750406203100
001000000050020109000890000100400370070000200094007000209000080007000405530100000
069020800107000200000009400000003000003001740640000080038000010700006902020000000
230901000000050900800072010002000400384000521015000700040003050000000000190700000
406507000100900050000000160080000000000045000004600210020106800005800000000002007
005000000602080001300000000000024050000000104080901200000100600100500980903600500
400030109060240000003000000007000000000100207000600010902007056010020040500003000
005000000000038000470006000004093005000620000360504000007300904040067052802900000
072000010600500090010400800080207000007040000000100600000000920208006000009005400
000084300004500020300000060700200009200349007030050000008005700000960080060000000
300000000006001000590080034040030000000960800000007000900008040850600090000150780
080079150000000020000800600005000980302006000007500003000000500100600800200001007
023000500000006037004001000960005470500000090200000300000120700050009000000064020
001067020000000600020501000007600400000080003003054070005000201000070040000842006
000400003800006750003000800708100000000300604000000500600200007000007030050001000
010802097020000400000030000800000100000201000900700060000903200000680309000000000
500000000000903400802040010200009035007000004000420100021000300030100020005000090
060130900001950200302600080040090003206500000015400800083000000600800090000000000
000600008008070020005002070320900500000000097600208043000000035006085000030020000
063500740000000000200070690000039060706050000020000000579600000000098000040000020