003070060070038204000006001060800000009100430040020610000017000000600000008009000
060030800800016000009028570050000900090001203000002000080003791030000005070000600
000000020006000700000000050020530800007006403009040060500070300070862090000090000
006000050000000400892003000070005600900070300024060009709000000003008720000000005
000500000300000000000000082503070000002030006900004200400005607850709000090043005
200000605000800047406750030003000000000600003502000009604090000905367800700080000
700012400009000800000000093010004300000001020062830009000700000000003060000026910
036000900000005078500062003000300000007000100300871002000100000269000080003020000
600390704000005010100784305090603001400000506500000890000000040000900100000008607
000050004000903006000000050025000740009000205007300000940000060100709030006000510
100800000800500036009400000900135004004000000600090100280000000001368000530900000
005649200000200000000705009207004300000007028903560007000903642000000895000000000
700050060040908000000000504900604000200005000000070001000017400060500027000860950
501000020960001000008700000000000400000070516870000000000000760002000800040026050
000000600017000000040030000000203010054800000000600004130400025086020007000501000
100000000006500407794002000000000200245001000061000340470000030000000592039000600
000035060000800070000060301000100920275003000000000500000901030090080206300000000
026079000090306080703084000010002003000000402300007690160000040049000060000000000
080600240010050000206000000002000000168000000597021600000000482070080009000009105
675000000109500400030000000300080900000000040018000576040078605060000080090003700
007609000002051003415007096704000001000005000391000000200000070040000009000300005
096004001102000690004000300000000160009000040000000502005010408031050000400086000
004308090809041050003050000000100000030002075000079000002497000400200100008003000
008093074420005000907082030700000300000010050000000800010029007500000400800000590
072014300304000109000030708000060800060000000000000001010090002400800000700200906
953480001002000000084001000401002050030010029020507080000000000000250003000040090
300010800000207040000034050007150020600040300040078065000000080020060000080020030
400010500006907030003000091000230000000000000000046050501300070700090420240070600
085907000300605002000080000600020087010300000920006510000060000079200003000000020
008400002401005000670009500000054960060200000905007200020001000000000000580000700
000025601007806020002103040000000000400000076708000432305000060000000708800000054
003080000678024310420010000040970100300200004280046700000000800000000060000007040
000300000043000000000000095000009040000740001006520700900010620067900053000000009
000000003500036027806000510400000000085040760327000001701000050000700004000000200
704030021002000000150000000000203000200000075398000000040900083010000004000800590
000047100900000000500308000150070600000000000000690004040069003000010708030000540
000700000000690070000080000074000050006450320502907680080200030940500000020068000
100000006000040080000680203000000002000320694000100070006900008000010900002706300
043500070580000200700000000021940000004000000000305000000458000205007904010200300
008000702307000000090007840530002468004000205800000030600000004753600900000000320
450000800620047001710005042000869000000000000900014007000076020000150000000002069
007908000000000008000000006025060901170053200006000800053697000000002009010000000
600725400090000010200100008000000000050600740706000801100000000078000000049000502
000000002900052000601409000008700000010008000409500000054006000007000208200001005
200830040000006020704200560076000000103000000400001000601000354358000071000000000
010000000060900000004308006009480000200619004000200000050000090006002310430500020
049100000380000000007590006000001000070400608004709010005603000000050000090074003
001004000000029000000608230000200010900500020080006000630000050200000004048015090
300260000489001205010000000006010000900000000001546000050800009008000000000002013
010020000206070050307000000060301084403000100005480630001000000750040000000012070
000103006001000320800400905090000240048000600500800000320000000009000100050030090
008061030207005400100403050000000700000000000460000000701352006000070008000006002
000085000097030008052000000170500000026890007008006000000017009289000030000000000
005000049000001000090052600270000800604000250800000194000406080000008000000200000
000006007007100080608000213050607000000004000000800000800725006000400500001000028
000706000000040000003200000700900002004100007160007500570090041930020000026000005
000500190401090057390004000000000000280070000704283000030900000027050000908007000
009005247004098030005200000008000060020763004000000703000000090800007000500000800
309004010400000005800001970090600000080000000000300060000060007576080009040013080
000002070052800060000410000000670020000004900000029000000000050028506710006240080
000800000000060009602309700090408107730600084000000290000701000000030000008006002
000000000007060900089000351500046703700090005406000890010000604000000000005080030
706009230000000006000026590008000002000000063000000070001902308600003010059070000
901000056000000000008900070603018000045000000700000410400709100000000500006000080
000207000000003007000680920065002010910700060000000703000000670600000805000910000
005000003340000008000000576430205000802006790060007040900000030200030000000000800
080040000005302800003001204507003000001800000320050000094007002102000003000015000
039000060000001003820070000006050000000013000070029001300007000500000308298000600
000009000050004000000000009080000200010200048405030910000680000206300100390005020
030201800907048500002000704000000000040103092000720005090000000000380000000509007
000000270630000000107084060401000000000500004008000000800300600010005403000710820
000000000020000009060070000036008291007010503000039060003800070000025008095100006
170000000800000000004010000600050029000074001940200087002560100000047600000100040
070050930200000004508700000000000006000035029000000000093046700002000000080070063
000580000000000000000437000510006800490070001307000900108940006900160070000000300
010072040003900500204005000907000000000050008301000400000080900400000003075001000
008004705000008014000001900009506071500900208000700000701000050006000000000000649
005009006100000000400100000001090007750000094080000000200608700006004501009020800
679300005000200900200080030007600500000004002408030076002000000500900700000060000
068000004000020009000000570004000108872006040000000060005004900200017800000000057
030000000009000680500003007023009000000180000708000000000800000005001300100067820
804030002050000070701084005407095038005000400000010090902100003000000000003000000
100040000070000300000625000001084600002060500800000000008056403400800700310000000
030076000200000000806509300000800090017000830300060200520037000003618000000900000
000000000000010930000027000800070400050004001900105300090081020020000700580400103
304000000080000017052308004000003000800020006607000008005016080000700060400530020
008029000000070005900068070050300009020006108086000052000091060600000000007000000
000000000008004501964200000209070008085009100100000060056000709400000000800010002
300001000000600008050003000007090000601385200000002000860019052000000609900207001
842005000000080000000902000000003000580700000700054003029000034010030000007201090
000308016086010005109006020050001000000000003000009000060082900002000071093005200
700040038000000004006701000000010000050000300000000079080904056003000090001050400
730904010200050000040007203000400007000090530300760029050230460000000370000000000
790002100032000050106704320000907030000000001000653000923140060000306000000000000
014060000000000709700020000008000204506018000000090000000000800901745060000109007
230000701000000009705000060371000090009802006000000003600000020050069308000005010
601300000540109070000020000000000017006000400004000693000050000000000360010603942
000000000004083009000000680600200700098000040031070006000004020000037908000009013
000000700000430000805000010410082000070040029500000000100709805000200100009000047
000002004000701000000800000670000012901006000082100003030094206040000008060070030